     »
q_0: »
     »
q_1: »
     »
q_2: »
     »
q_3: »
     »
q_4: »
     »
q_5: »
     »
q_6: »
     »
q_7: »
     »
q_8: »
     »
q_9: »
     »
«     ┌───────────────────────────────────────────────────────────────────────────────────────────────────────────────────────────────────────────────────────────────────────────────────────────────────────────────────────────────────────────────────────────────────────────────────────────────────────────────────────────────────────────────────────────────────────────────────────────────────────────────────────────────────────────────────────────────────────────────────────────────────────────────────────────────────────────────────────────────────────────────────────────────────────────────────────────────────────────────────────────────────────────────────────────────────────────────────────────────────────────────────────────────────────────────────────────────────────────────────────────────────────────────────────────────────────────────────────────────────────────────────────────────────────────────────────────────────────────────────────────────────────────────────────────────────────────────────────────────────────────────────────────────────────────────────────────────────────────────────────────────────────────────────────────────────────────────────────────────────────────────────────────────────────────────────────────────────────────────────────────────────────────────────────────────────────────────────────────────────────────────────────────────────────────────────────────────────────────────────────────────────────────────────────────────────────────────────────────────────────────────────────────────────────────────────────────────────────────────────────────────────────────────────────────────────────────────────────────────────────────────────────────────────────────────────────────────────────────────────────────────────────────────────────────────────────────────────────────────────────────────────────────────────────────────────────────────────────────────────────────────────────────────────────────────────────────────────────────────────────────────────────────────────────────────────────────────────────────────────────────────────────────────────────────────────────────────────────────────────────────────────────────────────────────────────────────────────────────────────────────────────────────────────────────────────────────────────────────────────────────────────────────────────────────────────────────────────────────────────────────────────────────────────────────────────────────────────────────────────────────────────────────────────────────────────────────────────────────────────────────────────────────────────────────────────────────────────────────────────────────────────────────────────────────────────────────────────────────────────────────────────────────────────────────────────────────────────────────────────────────────────────────────────────────────────────────────────────────────────────────────────────────────────────────────────────────────────────────────────────────────────────────────────────────────────────────────────────────────────────────────────────────────────────────────────────────────────────────────────────────────────────────────────────────────────────────────────────────────────────────────────────────────────────────────────────────────────────────────────────────────────────────────────────────────────────────────────────────────────────────────────────────────────────────────────────────────────────────────────────────────────────────────────────────────────────────────────────────────────────────────────┐»
«q_0: ┤0                                                                                                                                                                                                                                                                                                                                                                                                                                                                                                                                                                                                                                                                                                                                                                                                                                                                                                                                                                                                                                                                                                                                                                                                                                                                                                                                                                                                                                                                                                                                                                                                                                                                                                                                                                                                                                                                                                                                                                                                                                                                                                                                                                                                                                                                                                                                                                                                                                                                                                                                                                                                                                                                                                                                                                                                                                                                                                                                                                                                                                                                                                                                                                                                                                                                                                                                                                                                                                                                                                                                                                                                                                                                  ├»
«     │                                                                                                                                                                                                                                                                                                                                                                                                                                                                                                                                                                                                                                                                                                                                                                                                                                                                                                                                                                                                                                                                                                                                                                                                                                                                                                                                                                                                                                                                                                                                                                                                                                                                                                                                                                                                                                                                                                                                                                                                                                                                                                                                                                                                                                                                                                                                                                                                                                                                                                                                                                                                                                                                                                                                                                                                                                                                                                                                                                                                                                                                                                                                                                                                                                                                                                                                                                                                                                                                                                                                                                                                                                                                   │»
«q_1: ┤1                                                                                                                                                                                                                                                                                                                                                                                                                                                                                                                                                                                                                                                                                                                                                                                                                                                                                                                                                                                                                                                                                                                                                                                                                                                                                                                                                                                                                                                                                                                                                                                                                                                                                                                                                                                                                                                                                                                                                                                                                                                                                                                                                                                                                                                                                                                                                                                                                                                                                                                                                                                                                                                                                                                                                                                                                                                                                                                                                                                                                                                                                                                                                                                                                                                                                                                                                                                                                                                                                                                                                                                                                                                                  ├»
«     │                                                                                                                                                                                                                                                                                                                                                                                                                                                                                                                                                                                                                                                                                                                                                                                                                                                                                                                                                                                                                                                                                                                                                                                                                                                                                                                                                                                                                                                                                                                                                                                                                                                                                                                                                                                                                                                                                                                                                                                                                                                                                                                                                                                                                                                                                                                                                                                                                                                                                                                                                                                                                                                                                                                                                                                                                                                                                                                                                                                                                                                                                                                                                                                                                                                                                                                                                                                                                                                                                                                                                                                                                                                                   │»
«q_2: ┤2                                                                                                                                                                                                                                                                                                                                                                                                                                                                                                                                                                                                                                                                                                                                                                                                                                                                                                                                                                                                                                                                                                                                                                                                                                                                                                                                                                                                                                                                                                                                                                                                                                                                                                                                                                                                                                                                                                                                                                                                                                                                                                                                                                                                                                                                                                                                                                                                                                                                                                                                                                                                                                                                                                                                                                                                                                                                                                                                                                                                                                                                                                                                                                                                                                                                                                                                                                                                                                                                                                                                                                                                                                                                  ├»
«     │                                                                                                                                                                                                                                                                                                                                                                                                                                                                                                                                                                                                                                                                                                                                                                                                                                                                                                                                                                                                                                                                                                                                                                                                                                                                                                                                                                                                                                                                                                                                                                                                                                                                                                                                                                                                                                                                                                                                                                                                                                                                                                                                                                                                                                                                                                                                                                                                                                                                                                                                                                                                                                                                                                                                                                                                                                                                                                                                                                                                                                                                                                                                                                                                                                                                                                                                                                                                                                                                                                                                                                                                                                                                   │»
«q_3: ┤3                                                                                                                                                                                                                                                                                                                                                                                                                                                                                                                                                                                                                                                                                                                                                                                                                                                                                                                                                                                                                                                                                                                                                                                                                                                                                                                                                                                                                                                                                                                                                                                                                                                                                                                                                                                                                                                                                                                                                                                                                                                                                                                                                                                                                                                                                                                                                                                                                                                                                                                                                                                                                                                                                                                                                                                                                                                                                                                                                                                                                                                                                                                                                                                                                                                                                                                                                                                                                                                                                                                                                                                                                                                                  ├»
«     │                                                                                                                                                                                                                                                                                                                                                                                                                                                                                                                                                                                                                                                                                                                                                                                                                                                                                                                                                                                                                                                                                                                                                                                                                                                                                                                                                                                                                                                                                                                                                                                                                                                                                                                                                                                                                                                                                                                                                                                                                                                                                                                                                                                                                                                                                                                                                                                                                                                                                                                                                                                                                                                                                                                                                                                                                                                                                                                                                                                                                                                                                                                                                                                                                                                                                                                                                                                                                                                                                                                                                                                                                                                                   │»
«q_4: ┤4                                                                                                                                                                                                                                                                                                                                                                                                                                                                                                                                                                                                                                                                                                                                                                                                                                                                                                                                                                                                                                                                                                                                                                                                                                                                                                                                                                                                                                                                                                                                                                                                                                                                                                                                                                                                                                                                                                                                                                                                                                                                                                                                                                                                                                                                                                                                                                                                                                                                                                                                                                                                                                                                                                                                                                                                                                                                                                                                                                                                                                                                                                                                                                                                                                                                                                                                                                                                                                                                                                                                                                                                                                                                  ├»
«     │  AmplitudeEnc(0.13415,0,0,0,0.015592,0,0,0,0.026535,0,0,0,0.13935,0,0,0,-0.11841,0,0,0,-0.070512,0,0,0,0.025215,0,0,0,0,0,0,0,-0.056614,0,0,0,-0.038031,0,0,0,0.030589,0,0,0,0,0,0,0,-0.019178,0,0,0,-0.017509,0,0,0,0.057164,0,0,0,0,0,0,0,-0.10653,0,0,0,-0.038429,0,0,0,0.027723,0,0,0,0,0,0,0,-0.0069809,0,0,0,-0.063701,0,0,0,0.096727,0,0,0,0,0,0,0,-0.036963,0,0,0,0.031966,0,0,0,-0.041321,0,0,0,0,0,0,0,-0.03043,0,0,0,0.036365,0,0,0,-0.10623,0,0,0,0,0,0,0,0.094934,0,0,0,0.009056,0,0,0,-0.019601,0,0,0,-0.048466,0,0,0,-0.0098051,0,0,0,-0.00058698,0,0,0,-0.073913,0,0,0,0,0,0,0,-0.0062693,0,0,0,0.046995,0,0,0,0.053529,0,0,0,0,0,0,0,0.024396,0,0,0,0.079216,0,0,0,0.033718,0,0,0,0,0,0,0,0.10186,0,0,0,-0.0015932,0,0,0,-0.01886,0,0,0,0,0,0,0,-0.02767,0,0,0,-0.021025,0,0,0,-0.0097521,0,0,0,0,0,0,0,0.012421,0,0,0,0.075484,0,0,0,-0.027757,0,0,0,0,0,0,0,-0.076465,0,0,0,0.014556,0,0,0,0.12201,0,0,0,0,0,0,0,0.051035,0,0,0,0.020031,0,0,0,0.076109,0,0,0,0.084036,0,0,0,0.0052383,0,0,0,0.0091261,0,0,0,-0.010726,0,0,0,0,0,0,0,0.038402,0,0,0,-0.087478,0,0,0,-0.029033,0,0,0,0,0,0,0,0.078134,0,0,0,0.057474,0,0,0,0.074866,0,0,0,0,0,0,0,0.038493,0,0,0,0.080027,0,0,0,-0.081611,0,0,0,0,0,0,0,0.0028706,0,0,0,-0.053785,0,0,0,0.13769,0,0,0,0,0,0,0,-0.11071,0,0,0,-0.0022423,0,0,0,-0.12119,0,0,0,0,0,0,0,-0.021427,0,0,0,0.017376,0,0,0,-0.11419,0,0,0,0,0,0,0,0.0028955,0,0,0,-0.0052606,0,0,0,0.025743,0,0,0,0.038919,0,0,0,-0.089654,0,0,0,0.042372,0,0,0,0.040799,0,0,0,0,0,0,0,0.019652,0,0,0,-0.02035,0,0,0,0.015209,0,0,0,0,0,0,0,-0.056342,0,0,0,-0.059259,0,0,0,0.097161,0,0,0,0,0,0,0,0.048056,0,0,0,0.057324,0,0,0,-0.006968,0,0,0,0,0,0,0,0.050417,0,0,0,-0.062994,0,0,0,-0.021116,0,0,0,0,0,0,0,0.010159,0,0,0,-0.1284,0,0,0,-0.1218,0,0,0,0,0,0,0,0.070315,0,0,0,0.078076,0,0,0,0.11782,0,0,0,0,0,0,0,0.061935,0,0,0,-0.12849,0,0,0,-0.023205,0,0,0,0.012737,0,0,0,-0.030163,0,0,0,0.0084514,0,0,0,0.095721,0,0,0,0,0,0,0,0.09832,0,0,0,-0.024363,0,0,0,0.02778,0,0,0,0,0,0,0,0.0046207,0,0,0,-0.039218,0,0,0,-0.017849,0,0,0,0,0,0,0,0.060539,0,0,0,-0.092666,0,0,0,0.085443,0,0,0,0,0,0,0,0.071823,0,0,0,0.049663,0,0,0,-0.11558,0,0,0,0,0,0,0,0.065821,0,0,0,-0.10634,0,0,0,0.021582,0,0,0,0,0,0,0,0.12551,0,0,0,-0.076475,0,0,0,-0.01662,0,0,0,0,0,0,0,0.057971,0,0,0,-0.082112,0,0,0,-0.049387,0,0,0,0.010976,0,0,0,0.027295,0,0,0,-0.16854,0,0,0,-0.012415,0,0,0,0,0,0,0,0.069631,0,0,0,0.025247,0,0,0,-0.048793,0,0,0,0,0,0,0,-0.064494,0,0,0,0.031821,0,0,0,-0.018642,0,0,0,0,0,0,0,0.050276,0,0,0,-0.029657,0,0,0,-0.1402,0,0,0,0,0,0,0,0.028613,0,0,0,-0.10386,0,0,0,0.1411,0,0,0,0,0,0,0,-0.0177,0,0,0,0.15031,0,0,0,-0.1318,0,0,0,0,0,0,0,-0.077362,0,0,0,0.14206,0,0,0,0.013102,0,0,0,0,0,0,0,0.0010324,0,0,0,-0.075505,0,0,0,0.016809,0,0,0,0.0061411,0,0,0,0.091923,0,0,0,0.023602,0,0,0,-0.031125,0,0,0,0,0,0,0,0.039822,0,0,0,-0.056166,0,0,0,-0.0039831,0,0,0,0,0,0,0,-0.11997,0,0,0,0.10201,0,0,0,-0.03114,0,0,0,0,0,0,0,-0.14713,0,0,0,-0.090546,0,0,0,0.035247,0,0,0,0,0,0,0,0.026625,0,0,0,-0.12167,0,0,0,-0.039929,0,0,0,0,0,0,0,-0.16364,0,0,0,-0.0025497,0,0,0,-0.075238,0,0,0,0,0,0,0,0.051805,0,0,0,0.0032129,0,0,0,-0.064563,0,0,0,0,0,0,0,0.023184,0,0,0,0.050677,0,0,0,-0.0018403,0,0,0,0.075005,0,0,0,0.12071,0,0,0,-0.029929,0,0,0,0.14279,0,0,0,0,0,0,0,0.093325,0,0,0,0.04262,0,0,0,0.020619,0,0,0,0,0,0,0,-0.0673,0,0,0,0.11187,0,0,0,0.097672,0,0,0,0,0,0,0,-0.0039714,0,0,0,0.002358,0,0,0,-0.0042129,0,0,0,0,0,0,0,0.03034,0,0,0,0.17189,0,0,0,-0.17433,0,0,0,0,0,0,0,0.050539,0,0,0,0.011111,0,0,0,0.026463,0,0,0,0,0,0,0,0.042345,0,0,0,0.037295,0,0,0,0.12989,0,0,0,0,0,0,0) │»
«q_5: ┤5                                                                                                                                                                                                                                                                                                                                                                                                                                                                                                                                                                                                                                                                                                                                                                                                                                                                                                                                                                                                                                                                                                                                                                                                                                                                                                                                                                                                                                                                                                                                                                                                                                                                                                                                                                                                                                                                                                                                                                                                                                                                                                                                                                                                                                                                                                                                                                                                                                                                                                                                                                                                                                                                                                                                                                                                                                                                                                                                                                                                                                                                                                                                                                                                                                                                                                                                                                                                                                                                                                                                                                                                                                                                  ├»
«     │                                                                                                                                                                                                                                                                                                                                                                                                                                                                                                                                                                                                                                                                                                                                                                                                                                                                                                                                                                                                                                                                                                                                                                                                                                                                                                                                                                                                                                                                                                                                                                                                                                                                                                                                                                                                                                                                                                                                                                                                                                                                                                                                                                                                                                                                                                                                                                                                                                                                                                                                                                                                                                                                                                                                                                                                                                                                                                                                                                                                                                                                                                                                                                                                                                                                                                                                                                                                                                                                                                                                                                                                                                                                   │»
«q_6: ┤6                                                                                                                                                                                                                                                                                                                                                                                                                                                                                                                                                                                                                                                                                                                                                                                                                                                                                                                                                                                                                                                                                                                                                                                                                                                                                                                                                                                                                                                                                                                                                                                                                                                                                                                                                                                                                                                                                                                                                                                                                                                                                                                                                                                                                                                                                                                                                                                                                                                                                                                                                                                                                                                                                                                                                                                                                                                                                                                                                                                                                                                                                                                                                                                                                                                                                                                                                                                                                                                                                                                                                                                                                                                                  ├»
«     │                                                                                                                                                                                                                                                                                                                                                                                                                                                                                                                                                                                                                                                                                                                                                                                                                                                                                                                                                                                                                                                                                                                                                                                                                                                                                                                                                                                                                                                                                                                                                                                                                                                                                                                                                                                                                                                                                                                                                                                                                                                                                                                                                                                                                                                                                                                                                                                                                                                                                                                                                                                                                                                                                                                                                                                                                                                                                                                                                                                                                                                                                                                                                                                                                                                                                                                                                                                                                                                                                                                                                                                                                                                                   │»
«q_7: ┤7                                                                                                                                                                                                                                                                                                                                                                                                                                                                                                                                                                                                                                                                                                                                                                                                                                                                                                                                                                                                                                                                                                                                                                                                                                                                                                                                                                                                                                                                                                                                                                                                                                                                                                                                                                                                                                                                                                                                                                                                                                                                                                                                                                                                                                                                                                                                                                                                                                                                                                                                                                                                                                                                                                                                                                                                                                                                                                                                                                                                                                                                                                                                                                                                                                                                                                                                                                                                                                                                                                                                                                                                                                                                  ├»
«     │                                                                                                                                                                                                                                                                                                                                                                                                                                                                                                                                                                                                                                                                                                                                                                                                                                                                                                                                                                                                                                                                                                                                                                                                                                                                                                                                                                                                                                                                                                                                                                                                                                                                                                                                                                                                                                                                                                                                                                                                                                                                                                                                                                                                                                                                                                                                                                                                                                                                                                                                                                                                                                                                                                                                                                                                                                                                                                                                                                                                                                                                                                                                                                                                                                                                                                                                                                                                                                                                                                                                                                                                                                                                   │»
«q_8: ┤8                                                                                                                                                                                                                                                                                                                                                                                                                                                                                                                                                                                                                                                                                                                                                                                                                                                                                                                                                                                                                                                                                                                                                                                                                                                                                                                                                                                                                                                                                                                                                                                                                                                                                                                                                                                                                                                                                                                                                                                                                                                                                                                                                                                                                                                                                                                                                                                                                                                                                                                                                                                                                                                                                                                                                                                                                                                                                                                                                                                                                                                                                                                                                                                                                                                                                                                                                                                                                                                                                                                                                                                                                                                                  ├»
«     │                                                                                                                                                                                                                                                                                                                                                                                                                                                                                                                                                                                                                                                                                                                                                                                                                                                                                                                                                                                                                                                                                                                                                                                                                                                                                                                                                                                                                                                                                                                                                                                                                                                                                                                                                                                                                                                                                                                                                                                                                                                                                                                                                                                                                                                                                                                                                                                                                                                                                                                                                                                                                                                                                                                                                                                                                                                                                                                                                                                                                                                                                                                                                                                                                                                                                                                                                                                                                                                                                                                                                                                                                                                                   │»
«q_9: ┤9                                                                                                                                                                                                                                                                                                                                                                                                                                                                                                                                                                                                                                                                                                                                                                                                                                                                                                                                                                                                                                                                                                                                                                                                                                                                                                                                                                                                                                                                                                                                                                                                                                                                                                                                                                                                                                                                                                                                                                                                                                                                                                                                                                                                                                                                                                                                                                                                                                                                                                                                                                                                                                                                                                                                                                                                                                                                                                                                                                                                                                                                                                                                                                                                                                                                                                                                                                                                                                                                                                                                                                                                                                                                  ├»
«     └───────────────────────────────────────────────────────────────────────────────────────────────────────────────────────────────────────────────────────────────────────────────────────────────────────────────────────────────────────────────────────────────────────────────────────────────────────────────────────────────────────────────────────────────────────────────────────────────────────────────────────────────────────────────────────────────────────────────────────────────────────────────────────────────────────────────────────────────────────────────────────────────────────────────────────────────────────────────────────────────────────────────────────────────────────────────────────────────────────────────────────────────────────────────────────────────────────────────────────────────────────────────────────────────────────────────────────────────────────────────────────────────────────────────────────────────────────────────────────────────────────────────────────────────────────────────────────────────────────────────────────────────────────────────────────────────────────────────────────────────────────────────────────────────────────────────────────────────────────────────────────────────────────────────────────────────────────────────────────────────────────────────────────────────────────────────────────────────────────────────────────────────────────────────────────────────────────────────────────────────────────────────────────────────────────────────────────────────────────────────────────────────────────────────────────────────────────────────────────────────────────────────────────────────────────────────────────────────────────────────────────────────────────────────────────────────────────────────────────────────────────────────────────────────────────────────────────────────────────────────────────────────────────────────────────────────────────────────────────────────────────────────────────────────────────────────────────────────────────────────────────────────────────────────────────────────────────────────────────────────────────────────────────────────────────────────────────────────────────────────────────────────────────────────────────────────────────────────────────────────────────────────────────────────────────────────────────────────────────────────────────────────────────────────────────────────────────────────────────────────────────────────────────────────────────────────────────────────────────────────────────────────────────────────────────────────────────────────────────────────────────────────────────────────────────────────────────────────────────────────────────────────────────────────────────────────────────────────────────────────────────────────────────────────────────────────────────────────────────────────────────────────────────────────────────────────────────────────────────────────────────────────────────────────────────────────────────────────────────────────────────────────────────────────────────────────────────────────────────────────────────────────────────────────────────────────────────────────────────────────────────────────────────────────────────────────────────────────────────────────────────────────────────────────────────────────────────────────────────────────────────────────────────────────────────────────────────────────────────────────────────────────────────────────────────────────────────────────────────────────────────────────────────────────────────────────────────────────────────────────────┘»
«      ┌────────────┐
«q_0: ─┤ Ry(2.5076) ├
«      ├────────────┤
«q_1: ─┤ Ry(3.4689) ├
«     ┌┴────────────┤
«q_2: ┤ Ry(0.63101) ├
«     └┬────────────┤
«q_3: ─┤ Ry(1.7867) ├
«      ├────────────┤
«q_4: ─┤ Ry(6.2817) ├
«      ├────────────┤
«q_5: ─┤ Ry(4.4463) ├
«      ├────────────┤
«q_6: ─┤ Ry(5.0461) ├
«      ├────────────┤
«q_7: ─┤ Ry(1.2984) ├
«      ├────────────┤
«q_8: ─┤ Ry(2.2548) ├
«      ├────────────┤
«q_9: ─┤ Ry(5.3466) ├
«      └────────────┘